mahdi abdallah 28 7 2002 1 info 128 1234567 22154889 
Bilel Charfi 30 8 1974 5 MPI 200 11456235 91456123 
Maryem brayek 4 3 1991 4 PC 310 10745896 22478963 
marwa abesi 3 10 1993 2 TEL 1 10407356 22310470 
msadak hasnaoui 1 1 1985 4 INFO 22222 2121122 11111222 
sami mohamed 12 10 2001 1 info 123 10203014 22365478 
Brahim radaoui 20 5 1993 3 INFO 120 11234510 25140361 
Adel salah 19 6 1996 4 info 100 12346598 99874563 
Slimen Labyedh 4 4 1993 4 EM 302 12131415 22147888 
hichem ben_abdallah 20 12 1985 1 BS 121 9213654 99274444 
talel gh 14 5 7895 4 GC 169 10407060 99456321 
firas abdallah 5 5 1996 3 INFO 310 10805566 940845634 
hammadi agrbi 1 1 1988 5 EM 250 9564870 72456982 
